1527095520000
1527701460000
1528339800000
1528909920000
1529514780000
1530119580000
1530761760000
1531329060000
1531933980000
1532538720000
1533143820000
1533750120000
1534353240000
1534957980000
1535562840000
1536202140000
1536807000000
1537377180000
1537982400000
1538586780000
1539191580000
1539796680000
1540435740000
1541006040000
1541614440000
1542219060000
1542772320000
1543429320000
1544033580000
1544638380000
1545243300000
1545882600000
1546603920000
1547057400000
1547662320000
1548267120000
1548872700000
1549476780000
1550081700000
1550686260000
1551326160000
1551895980000
1552497300000
1553101860000
1553741160000
1554346080000
1554916380000
1555523040000
1556127780000
